"sampleID"	"sampleNumber"	"Epithelial_Basal"	"Epithelial_Control"	"Epithelial_Her2"	"Epithelial_Luminal"	"Epithelial_Other"	"Macrophages"	"Stromal"	"T_cells"	"Epithelial_All"	"Colsum"	"tx"	"logfc_estimate"
"1"	"BCM_0002"	1	0.099839779	0.290388173	0.193476754	0.058820837	0.297259416	0.060215041	0	0	0.939784959	0.35213737	"Carbo"	-0.589087
"2"	"BCM_0104"	3	0.187169419	0.115503179	0	0.186532169	0.510795234	0	2.32e-18	1.1e-18	1.000000001	0.373701588	"Carbo"	-11.773462
"3"	"BCM_0132"	4	4.83e-18	0.208391113	0.144570503	0.007851329	0.610140311	0.029046744	2.57e-18	1.24e-19	0.970953256	0.152421832	"Carbo"	1.566526
"4"	"BCM_15003"	5	0.058342842	0.09002239	0	0.200936566	0.481594495	9.24e-18	0.104327627	0.06477608	0.830896293	0.259279408	"Carbo"	-0.719953
"5"	"BCM_15006"	6	0.260308834	0.019141322	0.129462844	1.17e-17	0.591086999	0	0	5.88e-18	0.999999999	0.389771678	"Carbo"	-3.72632
"6"	"BCM_15008"	7	0.448743873	0.170478307	1.23e-18	0	0.300669275	0.080108545	1.23e-18	0	0.919891455	0.448743873	"Carbo"	-7.359151
"7"	"BCM_15029"	8	2.3e-18	0.128618059	0.499049224	0.056431556	0.25002406	0.04330855	0.022568552	0	0.934122899	0.55548078	"Carbo"	-0.344869
"8"	"BCM_2147"	9	0.384078948	0.186688767	4.81e-18	0.008810186	0.362554172	0.040481148	0.017386779	2.43e-19	0.942132073	0.392889134	"Carbo"	-11.299254
"9"	"BCM_2665"	10	0.435968585	0.19178642	0.042119575	0	0.311028531	0.019096888	1.04e-18	9.16e-20	0.980903111	0.47808816	"Carbo"	1.910608
"10"	"BCM_3107"	11	0.150139221	0.388157771	3.04e-18	0.015357546	0.326884593	5.22e-20	0.11946087	0	0.880539131	0.165496767	"Carbo"	-3.387299
"11"	"BCM_3204"	12	0.210053112	0.287986889	0.076253635	0.04331538	0.335536012	0.008556248	0.038298725	2.57e-18	0.953145028	0.329622127	"Carbo"	-1.227791
"12"	"BCM_3469"	13	0.23892513	0.229714356	0.083236081	0.057954256	0.324525814	0.065644363	9.04e-19	0	0.934355637	0.380115467	"Carbo"	0.556197
"13"	"BCM_3561"	14	6.9e-18	0	0.402797183	0.292531759	0.304671058	0	3.72e-18	0	1	0.695328942	"Carbo"	0.288661
"14"	"BCM_3611"	15	0.029474871	0.336254543	0.216076903	0	0.347137305	0.071056378	0	4.3e-19	0.928943622	0.245551774	"Carbo"	1.108554
"15"	"BCM_3887"	16	0.44346644	0.083945018	0	0.006153196	0.36261037	0	0.069562891	0.034262085	0.896175024	0.449619636	"Carbo"	-6.579686
"16"	"BCM_3904"	17	0.441502186	0.067985809	0.159521231	8.25e-19	0.330990775	0	0	1.9e-18	1.000000001	0.601023417	"Carbo"	0.42127
"17"	"BCM_3936"	18	0	0.377692472	0.222965248	0	0.384775593	0.014566687	0	1.01e-17	0.985433313	0.222965248	"Carbo"	1.677741
"18"	"BCM_4013"	19	0.061519477	0.308055958	0.212191944	0.025496118	0.356118569	0.035140572	0.001477362	5.83e-18	0.963382066	0.299207539	"Carbo"	-3.479513
"19"	"BCM_4195"	20	0.423603934	0.128453969	0	0.01792024	0.236178752	0	0.132546417	0.061296688	0.806156895	0.441524174	"Carbo"	-11.563041
"20"	"BCM_4664"	22	0.341556359	0.161156157	0.129607554	0	0.285745367	0.06498918	0.007679969	0.009265414	0.918065437	0.471163913	"Carbo"	1.947587
"21"	"BCM_4913"	23	0.272397356	0.16087641	0.020321989	0.167710868	0.327321327	0	0.030402919	0.020969132	0.94862795	0.460430213	"Carbo"	-11.677241
"22"	"BCM_5471"	24	0.092399687	0.386204547	0.086654806	3.81e-18	0.424958695	0.009782264	2.21e-18	0	0.990217735	0.179054493	"Carbo"	1.744004
"23"	"BCM_5998"	25	0.165299397	0.247085045	0.113086618	1.55e-18	0.388950257	0.068834651	0.016744032	0	0.914421317	0.278386015	"Carbo"	1.110383
"24"	"BCM_7482"	26	0.444463948	0	0	0.037992937	0.363048591	0	0.13190694	0.022587583	0.845505476	0.482456885	"Carbo"	-4.780622
"25"	"BCM_7649"	27	0.038543573	0.096803495	2.67e-20	0.076956599	0.639611973	0.035126295	0.112958066	0	0.85191564	0.115500172	"Carbo"	2.070686
"26"	"BCM_7821"	28	0.409664452	2.51e-18	0	0.109700659	0.463439523	5.86e-19	0.017195366	0	0.982804634	0.519365111	"Carbo"	1.022796
"27"	"BCM_9161"	29	0.435724664	0.102596304	8.77e-18	0.008800616	0.336793585	0	0.073909094	0.042175738	0.883915169	0.44452528	"Carbo"	-11.80397
"28"	"HCI_001"	30	0	0	0.518856795	0.133391062	0.273221986	0.074530157	2.78e-17	1.53e-18	0.925469843	0.652247857	"Carbo"	-11.507651
"29"	"HCI_002"	31	0.04794463	0.350306099	0	0.281019258	0.251317383	0.038745641	0.03066699	2.18e-18	0.93058737	0.328963888	"Carbo"	1.322622
"30"	"HCI_009"	32	0.345401096	0.296448709	0	0	0.306152867	0.051997328	5.2e-18	0	0.948002672	0.345401096	"Carbo"	0.969672
"31"	"HCI_010"	33	0.550325253	0.002507148	0	1.91e-18	0.279824596	0.081413847	0.085929156	0	0.832656997	0.550325253	"Carbo"	-0.15868
"32"	"HCI_015"	34	0.449070523	0.136113196	0.001884441	1.75e-17	0.287817071	0.125114769	5.49e-18	2.28e-19	0.874885231	0.450954964	"Carbo"	-11.603319
"33"	"HCI_016"	35	0.267638609	0.215969843	0.105601674	0.04841953	0.25015007	0.051708164	0.06051211	0	0.887779726	0.421659813	"Carbo"	-2.826056
"34"	"HCI_019"	36	0.296010122	0.241856314	0	8.89e-18	0.272227875	0.074002033	0.115903657	4.34e-19	0.810094311	0.296010122	"Carbo"	-2.62273
"35"	"HCI_023"	37	0.145263115	0.454803388	1.63e-18	6.99e-19	0.264431578	0.088987801	0.046514117	6.27e-19	0.864498081	0.145263115	"Carbo"	-1.748699
"36"	"HCI_024"	38	0.236675242	0.423563331	1.25e-18	2.48e-18	0.23458238	0.060966533	0.044212515	4.91e-18	0.894820953	0.236675242	"Carbo"	-0.027194
"37"	"HCI_027"	39	0.502618265	6.43e-18	2.63e-18	0	0.327405518	0.169976217	7.66e-18	0	0.830023783	0.502618265	"Carbo"	1.878339
"38"	"HCI_028"	40	0	9.89e-18	0.597375189	4.21e-18	0.230495831	0.172128981	5.97e-18	0	0.82787102	0.597375189	"Carbo"	1.371277
"39"	"HCI_030"	41	0.508665918	0.107324327	0	0	0.287246511	0.061036912	0.035726332	4.08e-19	0.903236756	0.508665918	"Carbo"	-11.707303
"40"	"WHIM14"	43	0.40944783	0.289882266	7.11e-19	8.67e-19	0.241091689	0.059578214	1.93e-18	0	0.940421785	0.40944783	"Carbo"	-8.166505
"41"	"WHIM2"	44	0.449824032	0.168410769	0	0	0.279398324	0.102366875	2.7e-18	1.05e-17	0.897633125	0.449824032	"Carbo"	2.36272
"42"	"WHIM30"	45	0.220413094	0.313837989	0.062128547	0.065517355	0.242273431	0.081344216	0.014485367	0	0.904170416	0.348058996	"Carbo"	-10.204068
"43"	"WHIM6"	46	0.507584989	0.066079894	0.093482738	0	0.239747414	0.066327154	0.026777811	3.08e-18	0.906895035	0.601067727	"Carbo"	-11.24039
"44"	"WHIM68"	47	0.531634887	0.056464148	0.141799117	0	0.214758273	0.055343575	2.54e-19	1.24e-19	0.944656425	0.673434004	"Carbo"	-11.557366
